61.451510 23.871328
61.451597 23.871824
61.451675 23.872247
61.451754 23.872683
61.451858 23.873270
61.451973 23.873911
61.452068 23.874440
61.452107 23.874896
61.452111 23.875410
61.452119 23.876005
61.452087 23.876412
61.452032 23.876547
61.451926 23.876654
61.451777 23.876757
61.451573 23.876732
61.451408 23.876535
61.451311 23.876124
61.451188 23.875556
61.451046 23.874928
61.450913 23.874300
61.450734 23.873496
61.450590 23.872846
61.450503 23.872460
61.450447 23.871833
61.450359 23.871414
61.450359 23.871259
61.450370 23.871114
61.450411 23.870990
61.450472 23.870888
61.450577 23.870760
61.450831 23.870561
61.451052 23.870384
61.451159 23.870320
61.451259 23.870363
61.451334 23.870459
61.451398 23.870711
61.451495 23.871248